---
build/assets/images/img1-d86927c8.jpg: 2016-09-05 18:14:55.000000000 +02:00
build/assets/images/img2-26700364.jpg: 2016-09-05 18:14:56.000000000 +02:00
build/assets/images/img3-12d43cde.jpg: 2016-09-05 18:14:56.000000000 +02:00
build/assets/images/img4-91047897.jpg: 2016-09-05 18:14:56.000000000 +02:00
build/assets/images/portrait-2af397e4.jpg: 2016-09-05 18:14:56.000000000 +02:00
