---
build/android-chrome-192x192-9f6f3134.png: 2016-09-09 12:26:50.000000000 +02:00
build/apple-touch-icon.png: 2016-09-09 12:26:50.000000000 +02:00
build/assets/images/img1-d86927c8.jpg: 2016-09-09 12:26:49.000000000 +02:00
build/assets/images/img2-26700364.jpg: 2016-09-09 12:26:50.000000000 +02:00
build/assets/images/img3-12d43cde.jpg: 2016-09-09 12:26:50.000000000 +02:00
build/assets/images/img4-91047897.jpg: 2016-09-09 12:26:51.000000000 +02:00
build/assets/images/portrait-2af397e4.jpg: 2016-09-09 12:26:51.000000000 +02:00
build/favicon-16x16-77d6c14c.png: 2016-09-09 12:26:50.000000000 +02:00
build/favicon-32x32-83bc7376.png: 2016-09-09 12:26:51.000000000 +02:00
build/mstile-150x150-5b7f44bf.png: 2016-09-09 12:26:52.000000000 +02:00
