---
build/android-chrome-192x192-9f6f3134.png: 2017-05-04 08:57:13.000000000 +02:00
build/apple-touch-icon.png: 2017-05-04 08:57:02.000000000 +02:00
build/assets/images/img1-d10d7035.jpg: 2017-05-04 08:57:02.000000000 +02:00
build/assets/images/img2-c0db67ac.jpg: 2017-05-04 08:57:02.000000000 +02:00
build/assets/images/img3-c40a1244.jpg: 2017-05-04 08:57:02.000000000 +02:00
build/assets/images/img4-554a023a.jpg: 2017-05-04 08:57:02.000000000 +02:00
build/assets/images/portrait-4d911d15.jpg: 2017-05-04 08:57:02.000000000 +02:00
build/favicon-16x16-77d6c14c.png: 2017-05-04 08:57:13.000000000 +02:00
build/favicon-32x32-83bc7376.png: 2017-05-04 08:57:13.000000000 +02:00
build/mstile-150x150-5b7f44bf.png: 2017-05-04 08:57:15.000000000 +02:00
