---
build/android-chrome-192x192-9f6f3134.png: 2016-09-09 16:12:50.000000000 +02:00
build/apple-touch-icon.png: 2016-09-09 16:12:39.000000000 +02:00
build/assets/images/img1-d10d7035.jpg: 2016-09-09 16:12:46.000000000 +02:00
build/assets/images/img2-c0db67ac.jpg: 2016-09-09 16:12:46.000000000 +02:00
build/assets/images/img3-c40a1244.jpg: 2016-09-09 16:12:46.000000000 +02:00
build/assets/images/img4-554a023a.jpg: 2016-09-09 16:12:46.000000000 +02:00
build/assets/images/portrait-1eb19538.jpg: 2016-09-09 16:12:46.000000000 +02:00
build/favicon-16x16-77d6c14c.png: 2016-09-09 16:12:51.000000000 +02:00
build/favicon-32x32-83bc7376.png: 2016-09-09 16:12:51.000000000 +02:00
build/mstile-150x150-5b7f44bf.png: 2016-09-09 16:12:53.000000000 +02:00
